40191
40138
40149
54275
44175
44184
54304
40210
54294
54298
40161
54302
686
156666
34007
208338
208342
208344
208352
208353
208358
208362
208363
208365
40193
40201
40187
40207
40142
40167
16190
41612
34013
34015
34011
16119
16113
44173
33181
33179
59571
44171
40177
54304
40203
40151
54312
226288
226294
226296
226299
226301
226303
96334
96357
40175
8556
54271
40155
40182
40163
14078
40648
34003
34005
34001
40172
174095
174098
174097
96314
96315
96297
182439
193806
182437
182676
182678
182674
176396
953
62922
62924
62928
40179
54275
244198
244402
244407
244201
244404
244413
33145
73712
73719
54273
52863
52867
52869
52874
182644
34020
34019
33995
24592
24600
17411
17397
663
91725
91730
34017
33997
103419
91907
91910
91912
91915
91924
91926
91928
905
975
976
54265
980
981
977
112802
112803
112805
112804
244870
54307
54310
39479
54279
41599
100701
41597
244872
145585
191283
185311
54304
96291
84540
84542
84541
84543
174093
182664
182646
182661
182671
182673
182730
119479
90515
90517
91885
91893
92277
92279
90539
156672
1521
1522
107219
1519
1520
1523
1517
1518
166178
115008
115016
115018
115020
96369
1530
1532
1528
1529
1538
1536
1517
1518
1540
1539
34131
12097
103419
59530
44467
2061
26848
